    0.6274    0.9586    0.3444    0.0026    0.8159
    0.5855    0.1029    0.8379    0.4396    0.5842
    0.6050    0.7058    0.2258    0.9335    0.4420
    0.5909    0.3379    0.3747    0.0198    0.7842
    0.8339    0.1572    0.9547    0.6105    0.6766
    0.5493    0.7304    0.7481    0.2025    0.6488
    0.7060    0.1682    0.9099    0.8891    0.4839
    0.1204    0.8740    0.6942    0.0086    0.6265
    0.6357    0.9858    0.5249    0.2226    0.7149
    0.4148    0.0484    0.3165    0.2413    0.6178
    0.2587    0.3217    0.1478    0.7864    0.3008
    0.2041    0.9165    0.7764    0.2447    0.5547
    0.3392    0.0405    0.5952    0.2762    0.5807
    0.4098    0.3732    0.2217    0.7601    0.3946
    0.1280    0.4215    0.7341    0.3403    0.3423
    0.1243    0.2391    0.9903    0.7833    0.2673
    0.6783    0.9866    0.9099    0.8293    0.4912
    0.8158    0.8184    0.2868    0.9737    0.5463
    0.6925    0.6218    0.7914    0.8577    0.4766
    0.2417    0.4590    0.7824    0.9271    0.1774
    0.6543    0.3478    0.1398    0.2447    0.7557
    0.8863    0.5757    0.6337    0.9256    0.5732
    0.3978    0.9030    0.2465    0.8295    0.3603
    0.2122    0.2870    0.1194    0.1728    0.5217
    0.8654    0.9541    0.3672    0.0631    0.9323
    0.5688    0.5168    0.9507    0.5893    0.5256
    0.8419    0.8131    0.7937    0.7842    0.5958
    0.3650    0.3715    0.1445    0.9972    0.2807
    0.2028    0.8681    0.1533    0.2022    0.5997
    0.4042    0.1036    0.4868    0.2319    0.5761
    0.7124    0.3894    0.3415    0.8457    0.5300
    0.4280    0.2713    0.8128    0.9651    0.2770
    0.0283    0.7458    0.2830    0.0363    0.5797
    0.1887    0.9085    0.5711    0.0105    0.6588
    0.3224    0.4346    0.9299    0.9927    0.2143
    0.2536    0.6835    0.2917    0.7394    0.3022
    0.3628    0.8637    0.0093    0.6832    0.4190
    0.2951    0.4015    0.2647    0.7891    0.3099
    0.8162    0.5942    0.0374    0.5043    0.7593
    0.8409    0.1860    0.9643    0.4063    0.7635
